hundred = 0.1/0.002661111;
t=2+(1/60)+(39/3600);
marathon = 42.195/t;
